4.098014497756958
10.455225038528443
20.128473567962647
33.18397855758667
48.975145268440244
67.85731663703919
90.18848435878753
114.9924658536911
142.6881474971771
173.83238053321838
2.8344202518463133
4.345724511146545
5.760086584091186
7.182096552848816
8.634320616722107
10.137550830841064
11.548905777931214
13.003176379203797
14.400067496299744
15.807248497009278
0.006244826316833496
0.004686427116394043
0.007200932502746582
0.007410430908203125
0.005186915397644043
0.006732058525085449
0.005425143241882324
0.006063055992126465
0.006497383117675781
0.0064125537872314455